6 0.7171183079973562 0.46216407355021216 0.01982815598149372 0.12517680339462517
6 0.6890284203569068 0.39674681753889673 0.025776602775941838 0.06789250353606789
6 0.6490416391275611 0.3553748231966054 0.03965631196298744 0.054455445544554455
6 0.6222736285525445 0.3150636492220651 0.021810971579643092 0.0388967468175389
6 0.7286847323198942 0.5852192362093352 0.03502974223397224 0.1265912305516266
6 0.6926635822868473 0.6951909476661953 0.051553205551883675 0.0876944837340877
6 0.6490416391275611 0.7726308345120226 0.051553205551883675 0.057284299858557285
6 0.5902181097157964 0.8313295615275813 0.055518836748182414 0.04455445544554456
6 0.5175148711169861 0.8645685997171146 0.07270323859881031 0.04172560113154173
6 0.22670191672174486 0.3613861386138614 0.04758757435558493 0.057991513437057995
6 0.17812293456708525 0.42998585572843 0.05485789821546596 0.09476661951909476
6 0.15961665565102445 0.5682461103253182 0.017845340383344347 0.13790664780763792
6 0.1787838730998017 0.6718528995756718 0.024454725710508923 0.07355021216407355
