6 0.25027056277056275 0.430110658124636 0.02002164502164502 0.1310425160163075
6 0.2767857142857143 0.360221316249272 0.026515151515151516 0.07047175305765871
6 0.31655844155844154 0.3147932440302854 0.04112554112554113 0.056493884682585906
6 0.3425324675324675 0.27140361094933024 0.021645021645021644 0.039603960396039604
6 0.2435064935064935 0.5594059405940595 0.03571428571428571 0.1322073383808969
6 0.2859848484848485 0.6729761211415259 0.05357142857142857 0.09143855562026791
6 0.33495670995670995 0.7518928363424578 0.05303030303030303 0.05940594059405941
6 0.398538961038961 0.8101339545719278 0.056818181818181816 0.045428072218986607
6 0.47564935064935066 0.8410017472335469 0.07467532467532467 0.04309842748980781
6 0.7559523809523809 0.30023296447291786 0.048701298701298704 0.05998835177635411
6 0.8097943722943723 0.36924868957483986 0.056818181818181816 0.09900990099009901
6 0.8352272727272727 0.5133954571927781 0.017857142857142856 0.14385556202679092
6 0.8195346320346321 0.622306348281887 0.024350649350649352 0.0762958648806057
