7 0.276855693868142 0.3302439024390244 0.030889810972798522 0.04097560975609756
7 0.34601198709082526 0.374390243902439 0.04011065006915629 0.042439024390243905
7 0.6124942369755647 0.3695121951219512 0.0318118948824343 0.04341463414634146
7 0.47049331489165513 0.2304878048780488 0.024435223605348087 0.03463414634146342
7 0.24550484094052558 0.4521951219512195 0.029967727063162745 0.027317073170731707
7 0.7342093130474873 0.445609756097561 0.038266482249884735 0.033658536585365856
7 0.6666666666666666 0.2897560975609756 0.035961272475795295 0.03121951219512195
7 0.6834946980175196 0.3182926829268293 0.02627939142461964 0.032682926829268294
7 0.665053019824804 0.3497560975609756 0.03273397879207008 0.03902439024390244
3 0.3259566620562471 0.6480487804878049 0.07745504840940526 0.1497560975609756
