3 0.5196759259259259 0.3760869565217391 0.020833333333333332 0.030434782608695653
3 0.6915509259259259 0.2793478260869565 0.017361111111111112 0.02391304347826087
3 0.8234953703703703 0.2576086956521739 0.015046296296296295 0.02391304347826087
3 0.771412037037037 0.22282608695652173 0.015046296296296295 0.02826086956521739
3 0.7251157407407407 0.29130434782608694 0.02662037037037037 0.030434782608695653
2 0.2366898148148148 0.6684782608695652 0.017361111111111112 0.041304347826086954
2 0.07233796296296297 0.6380434782608696 0.015046296296296295 0.03260869565217391
2 0.40335648148148145 0.775 0.01273148148148148 0.041304347826086954
3 0.1753472222222222 0.3239130434782609 0.015046296296296295 0.017391304347826087
3 0.07465277777777778 0.22282608695652173 0.017361111111111112 0.03695652173913044
3 0.4265046296296296 0.26521739130434785 0.015046296296296295 0.030434782608695653
