8 0.7821576763485477 0.26097560975609757 0.030889810972798522 0.04097560975609756
8 0.7130013831258645 0.3051219512195122 0.04011065006915629 0.042439024390243905
8 0.4465191332411249 0.3002439024390244 0.0318118948824343 0.04341463414634146
8 0.5885200553250346 0.16121951219512196 0.024435223605348087 0.03463414634146342
8 0.8135085292761641 0.3829268292682927 0.029967727063162745 0.027317073170731707
8 0.3248040571692024 0.37634146341463415 0.038266482249884735 0.033658536585365856
8 0.39234670355002305 0.22048780487804878 0.035961272475795295 0.03121951219512195
8 0.3755186721991701 0.24902439024390244 0.02627939142461964 0.032682926829268294
8 0.39396035039188565 0.2804878048780488 0.03273397879207008 0.03902439024390244
5 0.7330567081604425 0.578780487804878 0.07745504840940526 0.1497560975609756
