8 0.28088578088578087 0.36255345143555284 0.029137529137529136 0.038485033598045205
8 0.3481934731934732 0.39737324373854616 0.03787878787878788 0.03970678069639585
8 0.5944055944055944 0.37080024434941966 0.030303030303030304 0.04031765424557117
8 0.4527972027972028 0.25503970678069643 0.023310023310023312 0.032376298106292
8 0.26078088578088576 0.4770922419059255 0.028554778554778556 0.02565668906536347
8 0.7127039627039627 0.4306658521686011 0.03613053613053613 0.03176542455711668
8 0.6386946386946387 0.29321930360415394 0.0337995337995338 0.029321930360415395
8 0.6561771561771562 0.31795968234575445 0.024475524475524476 0.03115455100794136
8 0.6413170163170163 0.3481979230299328 0.030885780885780884 0.03665241295051924
5 0.34965034965034963 0.6499694563225412 0.07226107226107226 0.13805742211362249
