6 0.25128960943257184 0.42942109436954795 0.020633750921149593 0.1308485329103886
6 0.2778187177597642 0.3600317208564631 0.02652910832719234 0.07137192704203013
6 0.3176123802505527 0.3148295003965107 0.04126750184229919 0.057097541633624106
6 0.34340456890198967 0.27160983346550355 0.02210759027266028 0.040444091990483745
6 0.24392041267501843 0.5578905630452022 0.036845983787767135 0.1324345757335448
6 0.28592483419307296 0.6716891356066614 0.054532056005895356 0.09199048374306107
6 0.33456153279292555 0.7501982553528945 0.05305821665438468 0.06026962727993656
6 0.39793662490788506 0.8088818398096749 0.05747973470891673 0.045995241871530534
6 0.4745762711864407 0.8394131641554322 0.07516580692704496 0.04361617763679619
6 0.7557111274871039 0.30174464710547183 0.04937361827560796 0.06106264869151467
6 0.8091378039793663 0.37073750991276766 0.05747973470891673 0.09912767644726407
6 0.8338246131171703 0.514670896114195 0.018422991893883568 0.14432989690721648
6 0.8179808400884304 0.6229183187946075 0.025055268975681652 0.07692307692307693
