6 0.7497294372294372 0.430110658124636 0.02002164502164502 0.1310425160163075
6 0.7232142857142857 0.360221316249272 0.026515151515151516 0.07047175305765871
6 0.6834415584415584 0.3147932440302854 0.04112554112554113 0.056493884682585906
6 0.6574675324675324 0.27140361094933024 0.021645021645021644 0.039603960396039604
6 0.7564935064935064 0.5594059405940595 0.03571428571428571 0.1322073383808969
6 0.7140151515151515 0.6729761211415259 0.05357142857142857 0.09143855562026791
6 0.66504329004329 0.7518928363424578 0.05303030303030303 0.05940594059405941
6 0.601461038961039 0.8101339545719278 0.056818181818181816 0.045428072218986607
6 0.5243506493506493 0.8410017472335469 0.07467532467532467 0.04309842748980781
6 0.24404761904761904 0.30023296447291786 0.048701298701298704 0.05998835177635411
6 0.1902056277056277 0.36924868957483986 0.056818181818181816 0.09900990099009901
6 0.16477272727272727 0.5133954571927781 0.017857142857142856 0.14385556202679092
6 0.18046536796536797 0.622306348281887 0.024350649350649352 0.0762958648806057
