8 0.723144306131858 0.3302439024390244 0.030889810972798522 0.04097560975609756
8 0.6539880129091747 0.374390243902439 0.04011065006915629 0.042439024390243905
8 0.38750576302443523 0.3695121951219512 0.0318118948824343 0.04341463414634146
8 0.5295066851083449 0.2304878048780488 0.024435223605348087 0.03463414634146342
8 0.7544951590594744 0.4521951219512195 0.029967727063162745 0.027317073170731707
8 0.2657906869525127 0.445609756097561 0.038266482249884735 0.033658536585365856
8 0.3333333333333333 0.2897560975609756 0.035961272475795295 0.03121951219512195
8 0.3165053019824804 0.3182926829268293 0.02627939142461964 0.032682926829268294
8 0.3349469801751959 0.3497560975609756 0.03273397879207008 0.03902439024390244
5 0.6740433379437528 0.6480487804878049 0.07745504840940526 0.1497560975609756
