7 0.691183085919928 0.2896455223880597 0.0346378767431399 0.04011194029850746
7 0.6464237516869096 0.3556436567164179 0.03958614484930274 0.03591417910447761
7 0.6372019793072425 0.6317630597014925 0.04183535762483131 0.03684701492537314
7 0.6565452091767882 0.6823694029850746 0.02834008097165992 0.027052238805970148
7 0.6783625730994153 0.707089552238806 0.024291497975708502 0.03171641791044776
7 0.7035537561853351 0.6849347014925373 0.01979307242465137 0.03031716417910448
7 0.7735042735042735 0.49463619402985076 0.022042285200179937 0.042444029850746266
3 0.3990103463787674 0.3076026119402985 0.1349527665317139 0.049906716417910446
2 0.33130904183535764 0.6058768656716418 0.03553756185335133 0.049440298507462684
7 0.5530814215024742 0.7388059701492538 0.02384165542060279 0.030783582089552237
